Linkage	Residue	Trust	C1	C2	C3	C4	C5	C6	C7	C8	C9
	Me	76%	56.2
1	a-D-GalpA	62%	97.7	72.7	71.1	81.6	71.1	174.8
1,2	a-D-GalpA	67%	96.4	68.5	69.9	71.1	72.1	175.0
1,4	b-D-GalpA	46%	103.3	71.2	73.6	78.3	75.4	174.9
1,4,2	a-D-GlcpA	62%	98.1	72.9	74.1	72.5	73.2	175.8
1,4,4	a-D-Galp	62%	101.2	69.7	69.1	79.8	71.9	62.4
1,4,4,4	b-D-Galp	60%	104.4	71.8	73.9	79.3	75.0	63.5
1,4,4,4,6	S	
1,4,4,4,4	b-D-Galp	61%	105.1	71.5	84.0	68.8	75.4	65.7
1,4,4,4,4,6	S	
1,4,4,4,4,3	b-D-GlcpA	50%	105.0	74.1	78.9	81.8	77.9	175.9
1,4,4,4,4,3,4	b-D-ManpA	59%	101.1	72.2	74.6	69.5	76.6	175.3
1,4,4,4,4,3,3	a-D-Fucp	56%	99.6	69.1	70.3	82.7	67.6	16.9
1,4,4,4,4,3,3,4	b-D-Galp	51%	100.6	80.3	78.6	71.5	75.8	61.7
1,4,4,4,4,3,3,4,3	S	
1,4,4,4,4,3,3,4,2	b-D-Galp	48%	107.0	72.3	73.1	78.2	75.2	64.3
1,4,4,4,4,3,3,4,2,6	S	
1,4,4,4,4,3,3,4,2,4	a-D-Fucp	21%	99.5	69.3	74.2	80.5	68.3	16.5
1,4,4,4,4,3,3,4,2,4,3	b-D-Manp	66%	102.5	71.6	74.0	68.0	77.5	61.1
1,4,4,4,4,3,3,4,2,4,4	b-D-Xylp	30%	105.1	74.5	76.2	72.9	65.5
1,4,4,4,4,3,3,4,2,4,4,4	a-D-GlcpA	59%	101.2	71.9	72.2	81.6	71.4	174.7
1,4,4,4,4,3,3,4,2,4,4,4,4	b-D-GlcpA	31%	103.4	72.6	76.1	73.0	76.7	176.3
1,4,4,4,4,3,3,4,2,4,4,4,4,3	b-Neup	51%	174.5	96.9	41.1	69.2	53.3	70.7	69.8	73.3	64.2
1,4,4,4,4,3,3,4,2,4,4,4,4,3,5	Ac	83%	176.3	23.6
