Lineage	Residue	Trust	C1	C2	C3	C4	C5	C6	C7	C8	C9
	Me	100%	56.2
1	a-D-GalpA	54%	98.3	73.5	70.8	81.5	71.1	175.0
1,2	a-D-GalpA	87%	98.2	69.4	70.3	71.6	72.6	176.1
1,4	b-D-GalpA	49%	103.8	75.5	72.7	78.5	75.5	174.5
1,4,2	a-D-GlcpA	89%	99.1	72.2	73.7	72.5	72.3	173.9
1,4,4	a-D-Galp	93%	101.4	69.7	70.7	79.8	72.8	62.4
1,4,4,4	b-D-Galp	73%	104.9	71.8	74.2	78.8	74.6	65.2
1,4,4,4,6	S		
1,4,4,4,4	b-D-Galp	86%	105.4	71.1	84.0	69.3	75.2	65.8
1,4,4,4,4,6	S		
1,4,4,4,4,3	b-D-GlcpA	51%	105.0	73.7	79.3	81.3	77.6	175.7
1,4,4,4,4,3,4	b-D-ManpA	87%	100.9	71.5	74.4	69.9	77.4	176.8
1,4,4,4,4,3,3	a-D-Fucp	89%	99.9	69.1	70.9	82.4	67.9	16.5
1,4,4,4,4,3,3,4	b-D-Galp	51%	101.9	79.2	78.8	70.3	76.2	61.8
1,4,4,4,4,3,3,4,3	S		
1,4,4,4,4,3,3,4,2	b-D-Galp	72%	105.4	71.9	73.4	78.2	75.4	65.1
1,4,4,4,4,3,3,4,2,6	S		
1,4,4,4,4,3,3,4,2,4	a-D-Fucp	36%	100.1	68.5	79.8	81.5	67.2	16.6
1,4,4,4,4,3,3,4,2,4,3	b-D-Manp	93%	102.6	71.6	74.3	67.9	77.4	61.9
1,4,4,4,4,3,3,4,2,4,4	b-D-Xylp	86%	105.3	74.1	76.2	79.2	65.5
1,4,4,4,4,3,3,4,2,4,4,4	a-D-GlcpA	92%	101.7	72.0	72.2	81.5	70.6	173.9
1,4,4,4,4,3,3,4,2,4,4,4,4	b-D-GlcpA	30%	103.4	72.6	82.5	72.7	76.0	176.3
1,4,4,4,4,3,3,4,2,4,4,4,4,3	b-Neup	89%	176.0	101.4	40.8	67.3	53.2	71.1	69.5	71.8	64.4
1,4,4,4,4,3,3,4,2,4,4,4,4,3,5	Ac	94%	176.0	23.5
