Linkage	Residue	Trust	H1	H2	H3	H4	H5	H6	H7	H8	H9
	Me	97%	3.42
1	a-D-GalpA	14%	5.52	3.92	4.03	4.38	4.72	-
1,2	a-D-GalpA	81%	5.27	3.88	3.99	4.33	4.69	-
1,4	b-D-GalpA	26%	4.22	3.62	3.75	4.45	4.18	-
1,4,2	a-D-GlcpA	48%	5.21	3.53	3.74	3.61	4.20	-
1,4,4	a-D-Galp	61%	4.97	3.94	4.02	4.24	4.11	3.72-3.84
1,4,4,4	b-D-Galp	63%	5.25	3.57	3.72	4.25	3.72	3.70-3.84
1,4,4,4,6	S	
1,4,4,4,4	b-D-Galp	59%	4.70	3.75	3.77	4.14	3.71	3.99
1,4,4,4,4,6	S	
1,4,4,4,4,3	b-D-GlcpA	31%	4.75	3.46	3.62	3.70	3.79	-
1,4,4,4,4,3,4	b-D-ManpA	70%	4.64	4.04	3.63	3.74	3.67	-
1,4,4,4,4,3,3	a-D-Fucp	37%	5.31	4.20	4.04	3.94	4.19	1.25
1,4,4,4,4,3,3,4	b-D-Galp	60%	5.06	3.90	4.31	4.06	4.03	3.77-3.81
1,4,4,4,4,3,3,4,3	S	
1,4,4,4,4,3,3,4,2	b-D-Galp	53%	5.14	3.60	3.72	4.03	3.75	3.70-4.05
1,4,4,4,4,3,3,4,2,6	S	
1,4,4,4,4,3,3,4,2,4	a-D-Fucp	17%	5.46	3.88	3.94	3.91	4.30	1.24
1,4,4,4,4,3,3,4,2,4,3	b-D-Manp	57%	4.90	4.04	3.64	3.57	3.38	3.72-3.77
1,4,4,4,4,3,3,4,2,4,4	b-D-Xylp	10%	4.50	3.39	3.48	3.66	3.35-3.99
1,4,4,4,4,3,3,4,2,4,4,4	a-D-GlcpA	38%	5.20	3.65	3.97	3.71	4.25	-
1,4,4,4,4,3,3,4,2,4,4,4,4	b-D-GlcpA	21%	4.49	3.40	3.62	3.58	3.87	-
1,4,4,4,4,3,3,4,2,4,4,4,4,3	b-Neup	55%	-	-	1.82-2.27	3.66	3.82	4.23	3.58	3.87	3.64-3.87
1,4,4,4,4,3,3,4,2,4,4,4,4,3,5	Ac	95%	-	2.05
