Lineage	Residue	Trust	C1	C2	C3	C4	C5	C6	C7	C8	C9	C10	C11
	Me	100%	56.2
1	a-D-GalpA	38%	99.3	74.5	69.4	81.0	71.5	176.4
1,2	a-D-GalpA	100%	98.8	69.7	70.4	71.7	72.7	176.4
1,4	b-D-GalpA	38%	105.8	75.5	72.7	79.9	76.1	173.1
1,4,2	a-D-GlcpA	100%	99.4	72.0	73.6	72.5	72.2	173.5
1,4,4	a-D-Galp	100%	101.5	69.6	71.1	79.9	72.9	62.4
1,4,4,4	b-D-Galp	75%	105.5	71.8	74.4	78.6	74.5	65.8
1,4,4,4,6	S	50%
1,4,4,4,4	b-D-Galp	88%	105.5	70.9	84.0	69.6	75.2	65.8
1,4,4,4,4,6	S	50%
1,4,4,4,4,3	b-D-GlcpA	25%	105.0	70.6	81.2	78.0	75.7	174.4
1,4,4,4,4,3,4	b-D-ManpA	100%	100.8	71.3	74.3	70.0	77.5	177.2
1,4,4,4,4,3,3	a-D-Fucp	100%	100.0	69.1	70.9	82.3	67.9	16.5
1,4,4,4,4,3,3,4	b-D-Galp	50%	104.1	77.5	79.0	69.7	76.3	62.2
1,4,4,4,4,3,3,4,3	S	50%
1,4,4,4,4,3,3,4,2	b-D-Galp	75%	104.6	71.8	73.6	78.3	75.4	65.1
1,4,4,4,4,3,3,4,2,6	S	50%
1,4,4,4,4,3,3,4,2,4	a-D-Fucp	38%	101.3	68.5	79.8	82.0	67.2	16.7
1,4,4,4,4,3,3,4,2,4,3	b-D-Manp	100%	102.7	71.5	74.3	67.9	77.4	62.3
1,4,4,4,4,3,3,4,2,4,4	b-D-Xylp	88%	105.4	74.0	76.1	79.2	65.5
1,4,4,4,4,3,3,4,2,4,4,4	a-D-GlcpA	100%	101.8	72.0	72.2	81.5	70.4	173.5
1,4,4,4,4,3,3,4,2,4,4,4,4	b-D-GlcpA	13%	103.6	72.1	82.5	71.3	75.7	174.4
1,4,4,4,4,3,3,4,2,4,4,4,4,3	b-Neup5Ac	100%	176.1	101.4	40.8	67.1	53.2	71.1	69.5	71.1	64.5	175.9	23.5
